
[1,     5] loss: 0.809
[1,    10] loss: 0.862
[1,    15] loss: 1.218
[1,    20] loss: 0.885
[1,    25] loss: 1.027
[1,    30] loss: 1.187
[1,    35] loss: 0.740
[1,    40] loss: 0.758
[1,    45] loss: 0.785
[1,    50] loss: 0.822
[1,    55] loss: 0.792
[2,     5] loss: 0.731
[2,    10] loss: 0.717
[2,    15] loss: 0.753
[2,    20] loss: 0.691
[2,    25] loss: 0.689
[2,    30] loss: 0.705
[2,    35] loss: 0.826
[2,    40] loss: 0.721
[2,    45] loss: 0.703
[2,    50] loss: 0.695
[2,    55] loss: 0.696
[3,     5] loss: 0.711
[3,    10] loss: 0.697
[3,    15] loss: 0.712
[3,    20] loss: 0.696
[3,    25] loss: 0.656
[3,    30] loss: 0.775
[3,    35] loss: 0.710
[3,    40] loss: 0.706
[3,    45] loss: 0.694
[3,    50] loss: 0.649
[3,    55] loss: 0.711
[4,     5] loss: 0.716
[4,    10] loss: 0.693
[4,    15] loss: 0.701
[4,    20] loss: 0.702
[4,    25] loss: 0.691
[4,    30] loss: 0.688
[4,    35] loss: 0.682
[4,    40] loss: 0.687
[4,    45] loss: 0.676
[4,    50] loss: 0.686
[4,    55] loss: 0.689
[5,     5] loss: 0.684
[5,    10] loss: 0.685
[5,    15] loss: 0.697
[5,    20] loss: 0.692
[5,    25] loss: 0.678
[5,    30] loss: 0.696
[5,    35] loss: 0.677
[5,    40] loss: 0.694
[5,    45] loss: 0.676
[5,    50] loss: 0.676
[5,    55] loss: 0.704
[6,     5] loss: 0.680
[6,    10] loss: 0.689
[6,    15] loss: 0.683
[6,    20] loss: 0.676
[6,    25] loss: 0.675
[6,    30] loss: 0.685
[6,    35] loss: 0.681
[6,    40] loss: 0.687
[6,    45] loss: 0.680
[6,    50] loss: 0.680
[6,    55] loss: 0.692
[7,     5] loss: 0.691
[7,    10] loss: 0.687
[7,    15] loss: 0.687
[7,    20] loss: 0.697
[7,    25] loss: 0.694
[7,    30] loss: 0.682
[7,    35] loss: 0.674
[7,    40] loss: 0.700
[7,    45] loss: 0.699
[7,    50] loss: 0.691
[7,    55] loss: 0.689
[8,     5] loss: 0.684
[8,    10] loss: 0.679
[8,    15] loss: 0.674
[8,    20] loss: 0.687
[8,    25] loss: 0.680
[8,    30] loss: 0.696
[8,    35] loss: 0.694
[8,    40] loss: 0.688
[8,    45] loss: 0.701
[8,    50] loss: 0.688
[8,    55] loss: 0.695

Accuracy of     0 : 50 %
Accuracy of     1 : 59 %
Accuracy of the network on the 379 test images: 50 %