[1,     5] loss: 0.761
[1,    10] loss: 0.733
[1,    15] loss: 0.702
[1,    20] loss: 0.691
[1,    25] loss: 0.698
[1,    30] loss: 0.701
[1,    35] loss: 0.674
[1,    40] loss: 0.686
[1,    45] loss: 0.695
[1,    50] loss: 0.670
[1,    55] loss: 0.694
[2,     5] loss: 0.665
[2,    10] loss: 0.678
[2,    15] loss: 0.726
[2,    20] loss: 0.656
[2,    25] loss: 0.689
[2,    30] loss: 0.673
[2,    35] loss: 0.667
[2,    40] loss: 0.669
[2,    45] loss: 0.703
[2,    50] loss: 0.680
[2,    55] loss: 0.655
[3,     5] loss: 0.647
[3,    10] loss: 0.662
[3,    15] loss: 0.673
[3,    20] loss: 0.680
[3,    25] loss: 0.662
[3,    30] loss: 0.662
[3,    35] loss: 0.670
[3,    40] loss: 0.663
[3,    45] loss: 0.657
[3,    50] loss: 0.650
[3,    55] loss: 0.638
[4,     5] loss: 0.679
[4,    10] loss: 0.640
[4,    15] loss: 0.625
[4,    20] loss: 0.706
[4,    25] loss: 0.684
[4,    30] loss: 0.622
[4,    35] loss: 0.654
[4,    40] loss: 0.634
[4,    45] loss: 0.627
[4,    50] loss: 0.624
[4,    55] loss: 0.635
[5,     5] loss: 0.644
[5,    10] loss: 0.638
[5,    15] loss: 0.630
[5,    20] loss: 0.639
[5,    25] loss: 0.622
[5,    30] loss: 0.656
[5,    35] loss: 0.629
[5,    40] loss: 0.588
[5,    45] loss: 0.637
[5,    50] loss: 0.643
[5,    55] loss: 0.624
[6,     5] loss: 0.636
[6,    10] loss: 0.617
[6,    15] loss: 0.669
[6,    20] loss: 0.572
[6,    25] loss: 0.601
[6,    30] loss: 0.615
[6,    35] loss: 0.596
[6,    40] loss: 0.616
[6,    45] loss: 0.574
[6,    50] loss: 0.609
[6,    55] loss: 0.605
[7,     5] loss: 0.633
[7,    10] loss: 0.630
[7,    15] loss: 0.604
[7,    20] loss: 0.605
[7,    25] loss: 0.611
[7,    30] loss: 0.596
[7,    35] loss: 0.583
[7,    40] loss: 0.580
[7,    45] loss: 0.589
[7,    50] loss: 0.561
[7,    55] loss: 0.581
[8,     5] loss: 0.528
[8,    10] loss: 0.543
[8,    15] loss: 0.552
[8,    20] loss: 0.564
[8,    25] loss: 0.586
[8,    30] loss: 0.593
[8,    35] loss: 0.589
[8,    40] loss: 0.547
[8,    45] loss: 0.555
[8,    50] loss: 0.601
[8,    55] loss: 0.561
[9,     5] loss: 0.625
[9,    10] loss: 0.626
[9,    15] loss: 0.596
[9,    20] loss: 0.660
[9,    25] loss: 0.643
[9,    30] loss: 0.766
[9,    35] loss: 0.697
[9,    40] loss: 0.596
[9,    45] loss: 0.565
[9,    50] loss: 0.660
[9,    55] loss: 0.633
[10,     5] loss: 0.629
[10,    10] loss: 0.596
[10,    15] loss: 0.630
[10,    20] loss: 0.656
[10,    25] loss: 0.606
[10,    30] loss: 0.678
[10,    35] loss: 0.578
[10,    40] loss: 0.567
[10,    45] loss: 0.577
[10,    50] loss: 0.629
[10,    55] loss: 0.530